 1.00E-16 1.00E-11 1.00E-09
 1.00E-11 5.00E-10 2.04E-11
 5.00E-10 2.00E-09 6.67E-12
 2.00E-09 5.00E-09 3.33E-12
 5.00E-09 1.00E-08 2.00E-12
 1.00E-08 1.45E-08 2.22E-12
 1.45E-08 2.10E-08 1.78E+00
 2.10E-08 3.00E-08 2.75E+00
 3.00E-08 4.00E-08 3.07E+00
 4.00E-08 5.00E-08 5.95E+00
 5.00E-08 7.00E-08 1.27E+01
 7.00E-08 1.00E-07 1.55E+01
 1.00E-07 1.25E-07 2.28E+01
 1.25E-07 1.50E-07 3.19E+01
 1.50E-07 1.84E-07 2.39E+01
 1.84E-07 2.25E-07 4.60E+01
 2.25E-07 2.75E-07 4.41E+01
 2.75E-07 3.25E-07 5.92E+01
 3.25E-07 3.67E-07 7.57E+01
 3.67E-07 4.14E-07 6.42E+01
 4.14E-07 5.00E-07 8.09E+01
 5.00E-07 5.32E-07 9.97E+01
 5.32E-07 6.25E-07 1.00E+02
 6.25E-07 6.83E-07 1.11E+02
 6.83E-07 8.00E-07 1.39E+02
 8.00E-07 8.76E-07 1.59E+02
 8.76E-07 1.00E-06 1.70E+02
 1.00E-06 1.04E-06 1.74E+02
 1.04E-06 1.08E-06 1.97E+02
 1.08E-06 1.13E-06 1.82E+02
 1.13E-06 1.30E-06 2.18E+02
 1.30E-06 1.45E-06 2.35E+02
 1.45E-06 1.86E-06 2.71E+02
 1.86E-06 2.38E-06 3.39E+02
 2.38E-06 3.06E-06 4.10E+02
 3.06E-06 3.93E-06 5.12E+02
 3.93E-06 5.04E-06 6.16E+02
 5.04E-06 6.48E-06 7.48E+02
 6.48E-06 8.32E-06 8.86E+02
 8.32E-06 1.07E-05 1.04E+03
 1.07E-05 1.37E-05 1.19E+03
 1.37E-05 1.76E-05 1.34E+03
 1.76E-05 2.26E-05 1.45E+03
 2.26E-05 2.90E-05 1.52E+03
 2.90E-05 3.73E-05 1.54E+03
 3.73E-05 4.79E-05 1.48E+03
 4.79E-05 6.14E-05 1.36E+03
 6.14E-05 7.89E-05 1.19E+03
 7.89E-05 1.01E-04 9.96E+02
 1.01E-04 1.30E-04 7.94E+02
 1.30E-04 1.67E-04 6.14E+02
 1.67E-04 2.14E-04 4.62E+02
 2.14E-04 2.75E-04 3.34E+02
 2.75E-04 3.54E-04 2.28E+02
 3.54E-04 4.54E-04 1.41E+02
 4.54E-04 5.83E-04 7.48E+01
 5.83E-04 7.49E-04 3.33E+01
 7.49E-04 9.61E-04 1.24E+01
 9.61E-04 1.23E-03 3.84E+00
 1.23E-03 1.58E-03 1.02E+00
 1.58E-03 2.03E-03 2.26E-01
 2.03E-03 2.25E-03 7.77E-02
 2.25E-03 2.49E-03 6.15E-02
 2.49E-03 2.61E-03 4.43E-02
 2.61E-03 2.75E-03 3.12E-02
 2.75E-03 3.04E-03 3.34E-02
 3.04E-03 3.35E-03 2.52E-02
 3.35E-03 3.71E-03 2.17E-02
 3.71E-03 4.31E-03 1.67E-02
 4.31E-03 5.53E-03 1.40E-02
 5.53E-03 7.10E-03 1.08E-02
 7.10E-03 9.12E-03 8.59E-03
 9.12E-03 1.06E-02 6.76E-03
 1.06E-02 1.17E-02 5.36E-03
 1.17E-02 1.50E-02 5.23E-03
 1.50E-02 1.93E-02 4.57E-03
 1.93E-02 2.19E-02 4.19E-03
 2.19E-02 2.36E-02 4.43E-03
 2.36E-02 2.42E-02 4.53E-03
 2.42E-02 2.48E-02 4.36E-03
 2.48E-02 2.61E-02 4.87E-03
 2.61E-02 2.70E-02 4.89E-03
 2.70E-02 2.85E-02 1.20E-03
 2.85E-02 3.18E-02 1.42E-03
 3.18E-02 3.43E-02 1.31E-03
 3.43E-02 4.09E-02 1.13E-03
 4.09E-02 4.63E-02 1.92E-03
 4.63E-02 5.25E-02 1.76E-03
 5.25E-02 5.66E-02 1.65E-03
 5.66E-02 6.74E-02 1.79E-03
 6.74E-02 7.20E-02 2.17E-03
 7.20E-02 7.95E-02 1.70E-03
 7.95E-02 8.25E-02 1.30E-03
 8.25E-02 8.65E-02 5.97E-04
 8.65E-02 9.80E-02 8.85E-04
 9.80E-02 1.11E-01 1.16E-03
 1.11E-01 1.17E-01 1.33E-03
 1.17E-01 1.23E-01 1.01E-03
 1.23E-01 1.29E-01 1.55E-03
 1.29E-01 1.36E-01 1.44E-03
 1.36E-01 1.43E-01 8.36E-04
 1.43E-01 1.50E-01 6.13E-04
 1.50E-01 1.58E-01 7.12E-04
 1.58E-01 1.66E-01 8.11E-04
 1.66E-01 1.74E-01 9.41E-04
 1.74E-01 1.83E-01 1.04E-03
 1.83E-01 1.93E-01 9.16E-04
 1.93E-01 2.02E-01 7.07E-04
 2.02E-01 2.13E-01 6.42E-04
 2.13E-01 2.24E-01 7.43E-04
 2.24E-01 2.35E-01 7.87E-04
 2.35E-01 2.47E-01 8.82E-04
 2.47E-01 2.73E-01 9.11E-04
 2.73E-01 2.87E-01 7.03E-04
 2.87E-01 2.95E-01 7.30E-04
 2.95E-01 2.97E-01 8.21E-04
 2.97E-01 2.98E-01 6.02E-04
 2.98E-01 3.02E-01 7.36E-04
 3.02E-01 3.34E-01 6.93E-04
 3.34E-01 3.69E-01 7.46E-04
 3.69E-01 3.88E-01 6.05E-04
 3.88E-01 4.08E-01 6.61E-04
 4.08E-01 4.50E-01 4.35E-04
 4.50E-01 4.98E-01 6.21E-04
 4.98E-01 5.23E-01 6.59E-04
 5.23E-01 5.50E-01 6.69E-04
 5.50E-01 5.78E-01 6.71E-04
 5.78E-01 6.08E-01 7.90E-04
 6.08E-01 6.39E-01 7.04E-04
 6.39E-01 6.72E-01 6.70E-04
 6.72E-01 7.07E-01 6.48E-04
 7.07E-01 7.43E-01 6.64E-04
 7.43E-01 7.81E-01 6.06E-04
 7.81E-01 8.21E-01 5.40E-04
 8.21E-01 8.63E-01 5.52E-04
 8.63E-01 9.07E-01 4.98E-04
 9.07E-01 9.62E-01 4.85E-04
 9.62E-01 1.00E+00 3.69E-04
 1.00E+00 1.11E+00 3.88E-04
 1.11E+00 1.16E+00 4.68E-04
 1.16E+00 1.22E+00 4.65E-04
 1.22E+00 1.29E+00 4.67E-04
 1.29E+00 1.35E+00 3.91E-04
 1.35E+00 1.42E+00 4.46E-04
 1.42E+00 1.50E+00 4.48E-04
 1.50E+00 1.57E+00 4.17E-04
 1.57E+00 1.65E+00 3.76E-04
 1.65E+00 1.74E+00 4.15E-04
 1.74E+00 1.83E+00 3.74E-04
 1.83E+00 1.92E+00 3.37E-04
 1.92E+00 2.02E+00 3.39E-04
 2.02E+00 2.12E+00 3.51E-04
 2.12E+00 2.23E+00 3.54E-04
 2.23E+00 2.31E+00 3.70E-04
 2.31E+00 2.35E+00 4.51E-04
 2.35E+00 2.37E+00 4.31E-04
 2.37E+00 2.39E+00 4.45E-04
 2.39E+00 2.47E+00 3.63E-04
 2.47E+00 2.59E+00 2.79E-04
 2.59E+00 2.73E+00 2.60E-04
 2.73E+00 2.87E+00 2.27E-04
 2.87E+00 3.01E+00 1.84E-04
 3.01E+00 3.17E+00 1.83E-04
 3.17E+00 3.33E+00 1.16E-04
 3.33E+00 3.68E+00 9.70E-05
 3.68E+00 4.07E+00 9.33E-05
 4.07E+00 4.49E+00 8.52E-05
 4.49E+00 4.72E+00 1.00E-04
 4.72E+00 4.97E+00 9.49E-05
 4.97E+00 5.23E+00 7.73E-05
 5.23E+00 5.49E+00 6.52E-05
 5.49E+00 5.77E+00 5.32E-05
 5.77E+00 6.07E+00 5.05E-05
 6.07E+00 6.38E+00 3.92E-05
 6.38E+00 6.59E+00 3.45E-05
 6.59E+00 6.70E+00 3.18E-05
 6.70E+00 7.05E+00 3.03E-05
 7.05E+00 7.41E+00 1.79E-05
 7.41E+00 7.79E+00 1.26E-05
 7.79E+00 8.19E+00 9.18E-06
 8.19E+00 8.61E+00 1.02E-05
 8.61E+00 9.05E+00 6.88E-06
 9.05E+00 9.51E+00 5.81E-06
 9.51E+00 1.00E+01 3.17E-06
 1.00E+01 1.05E+01 2.07E-06
 1.05E+01 1.11E+01 1.75E-06
 1.11E+01 1.16E+01 1.29E-06
 1.16E+01 1.22E+01 9.17E-07
 1.22E+01 1.25E+01 3.68E-07
 1.25E+01 1.28E+01 4.17E-07
 1.28E+01 1.35E+01 1.96E-07
 1.35E+01 1.38E+01 8.11E-08
 1.38E+01 1.42E+01 2.01E-07
 1.42E+01 1.46E+01 1.63E-07
 1.46E+01 1.49E+01 2.43E-07
 1.49E+01 1.57E+01 1.05E-07
 1.57E+01 1.65E+01 3.11E-08
 1.65E+01 1.69E+01 6.58E-08
 1.69E+01 1.73E+01 0.00E+00
 1.73E+01 2.00E+01 2.86E-08
