 1.00E-16 1.00E-11 0.00E+00
 1.00E-11 5.00E-10 0.00E+00
 5.00E-10 2.00E-09 0.00E+00
 2.00E-09 5.00E-09 0.00E+00
 5.00E-09 1.00E-08 0.00E+00
 1.00E-08 1.45E-08 0.00E+00
 1.45E-08 2.10E-08 0.00E+00
 2.10E-08 3.00E-08 0.00E+00
 3.00E-08 4.00E-08 0.00E+00
 4.00E-08 5.00E-08 0.00E+00
 5.00E-08 7.00E-08 0.00E+00
 7.00E-08 1.00E-07 0.00E+00
 1.00E-07 1.25E-07 0.00E+00
 1.25E-07 1.50E-07 0.00E+00
 1.50E-07 1.84E-07 0.00E+00
 1.84E-07 2.25E-07 0.00E+00
 2.25E-07 2.75E-07 1.54E-01
 2.75E-07 3.25E-07 0.00E+00
 3.25E-07 3.67E-07 0.00E+00
 3.67E-07 4.14E-07 0.00E+00
 4.14E-07 5.00E-07 2.42E-01
 5.00E-07 5.32E-07 2.03E-01
 5.32E-07 6.25E-07 1.56E-01
 6.25E-07 6.83E-07 1.34E-01
 6.83E-07 8.00E-07 4.67E-01
 8.00E-07 8.76E-07 1.29E-01
 8.76E-07 1.00E-06 2.97E-01
 1.00E-06 1.04E-06 3.49E-01
 1.04E-06 1.08E-06 2.30E-01
 1.08E-06 1.13E-06 1.09E-01
 1.13E-06 1.30E-06 4.74E-01
 1.30E-06 1.45E-06 4.85E-01
 1.45E-06 1.86E-06 3.64E-01
 1.86E-06 2.38E-06 5.51E-01
 2.38E-06 3.06E-06 7.69E-01
 3.06E-06 3.93E-06 9.31E-01
 3.93E-06 5.04E-06 1.12E+00
 5.04E-06 6.48E-06 1.26E+00
 6.48E-06 8.32E-06 1.61E+00
 8.32E-06 1.07E-05 1.65E+00
 1.07E-05 1.37E-05 1.79E+00
 1.37E-05 1.76E-05 2.15E+00
 1.76E-05 2.26E-05 2.16E+00
 2.26E-05 2.90E-05 2.26E+00
 2.90E-05 3.73E-05 2.38E+00
 3.73E-05 4.79E-05 2.44E+00
 4.79E-05 6.14E-05 2.74E+00
 6.14E-05 7.89E-05 2.75E+00
 7.89E-05 1.01E-04 2.88E+00
 1.01E-04 1.30E-04 2.90E+00
 1.30E-04 1.67E-04 2.95E+00
 1.67E-04 2.14E-04 2.98E+00
 2.14E-04 2.75E-04 2.80E+00
 2.75E-04 3.54E-04 1.76E+00
 3.54E-04 4.54E-04 2.25E+00
 4.54E-04 5.83E-04 2.38E+00
 5.83E-04 7.49E-04 2.23E+00
 7.49E-04 9.61E-04 2.03E+00
 9.61E-04 1.23E-03 1.75E+00
 1.23E-03 1.58E-03 2.00E+00
 1.58E-03 2.03E-03 1.72E+00
 2.03E-03 2.25E-03 1.20E+00
 2.25E-03 2.49E-03 9.59E-01
 2.49E-03 2.61E-03 1.21E+00
 2.61E-03 2.75E-03 1.34E+00
 2.75E-03 3.04E-03 1.42E+00
 3.04E-03 3.35E-03 1.40E+00
 3.35E-03 3.71E-03 1.33E+00
 3.71E-03 4.31E-03 9.41E-01
 4.31E-03 5.53E-03 1.02E+00
 5.53E-03 7.10E-03 4.55E-01
 7.10E-03 9.12E-03 1.82E-01
 9.12E-03 1.06E-02 4.34E-01
 1.06E-02 1.17E-02 5.16E-01
 1.17E-02 1.50E-02 5.40E-01
 1.50E-02 1.93E-02 7.75E-01
 1.93E-02 2.19E-02 1.43E+00
 2.19E-02 2.36E-02 2.85E+00
 2.36E-02 2.42E-02 4.09E+00
 2.42E-02 2.48E-02 6.51E+00
 2.48E-02 2.61E-02 4.04E+00
 2.61E-02 2.70E-02 2.42E-01
 2.70E-02 2.85E-02 2.12E-02
 2.85E-02 3.18E-02 5.54E-02
 3.18E-02 3.43E-02 1.28E-01
 3.43E-02 4.09E-02 2.14E-01
 4.09E-02 4.63E-02 2.77E-01
 4.63E-02 5.25E-02 3.04E-01
 5.25E-02 5.66E-02 2.61E-01
 5.66E-02 6.74E-02 3.82E-01
 6.74E-02 7.20E-02 7.06E-01
 7.20E-02 7.95E-02 2.94E-01
 7.95E-02 8.25E-02 1.58E+00
 8.25E-02 8.65E-02 1.13E-01
 8.65E-02 9.80E-02 1.55E-01
 9.80E-02 1.11E-01 2.52E-01
 1.11E-01 1.17E-01 3.49E-01
 1.17E-01 1.23E-01 4.17E-01
 1.23E-01 1.29E-01 7.18E-01
 1.29E-01 1.36E-01 4.21E-01
 1.36E-01 1.43E-01 6.46E-01
 1.43E-01 1.50E-01 7.47E-02
 1.50E-01 1.58E-01 1.68E-01
 1.58E-01 1.66E-01 3.07E-01
 1.66E-01 1.74E-01 3.66E-01
 1.74E-01 1.83E-01 4.24E-01
 1.83E-01 1.93E-01 2.84E-01
 1.93E-01 2.02E-01 6.37E-02
 2.02E-01 2.13E-01 1.26E-01
 2.13E-01 2.24E-01 2.65E-01
 2.24E-01 2.35E-01 1.27E-01
 2.35E-01 2.47E-01 2.16E-01
 2.47E-01 2.73E-01 2.57E-01
 2.73E-01 2.87E-01 1.83E-01
 2.87E-01 2.95E-01 1.65E-01
 2.95E-01 2.97E-01 3.07E-01
 2.97E-01 2.98E-01 3.70E-01
 2.98E-01 3.02E-01 4.24E-01
 3.02E-01 3.34E-01 3.11E-01
 3.34E-01 3.69E-01 2.20E-01
 3.69E-01 3.88E-01 1.91E-01
 3.88E-01 4.08E-01 4.04E-02
 4.08E-01 4.50E-01 5.19E-02
 4.50E-01 4.98E-01 8.07E-02
 4.98E-01 5.23E-01 6.38E-02
 5.23E-01 5.50E-01 7.08E-02
 5.50E-01 5.78E-01 8.25E-02
 5.78E-01 6.08E-01 1.16E-01
 6.08E-01 6.39E-01 1.34E-01
 6.39E-01 6.72E-01 1.01E-01
 6.72E-01 7.07E-01 5.91E-02
 7.07E-01 7.43E-01 3.52E-02
 7.43E-01 7.81E-01 1.99E-02
 7.81E-01 8.21E-01 2.11E-02
 8.21E-01 8.63E-01 2.91E-02
 8.63E-01 9.07E-01 2.53E-02
 9.07E-01 9.62E-01 3.29E-02
 9.62E-01 1.00E+00 1.44E-02
 1.00E+00 1.11E+00 1.36E-02
 1.11E+00 1.16E+00 1.40E-02
 1.16E+00 1.22E+00 1.36E-02
 1.22E+00 1.29E+00 6.17E-03
 1.29E+00 1.35E+00 6.55E-03
 1.35E+00 1.42E+00 5.63E-03
 1.42E+00 1.50E+00 4.17E-03
 1.50E+00 1.57E+00 4.15E-03
 1.57E+00 1.65E+00 3.65E-03
 1.65E+00 1.74E+00 3.70E-03
 1.74E+00 1.83E+00 3.07E-03
 1.83E+00 1.92E+00 2.30E-03
 1.92E+00 2.02E+00 1.85E-03
 2.02E+00 2.12E+00 1.74E-03
 2.12E+00 2.23E+00 1.60E-03
 2.23E+00 2.31E+00 1.57E-03
 2.31E+00 2.35E+00 1.24E-03
 2.35E+00 2.37E+00 1.81E-03
 2.37E+00 2.39E+00 1.36E-03
 2.39E+00 2.47E+00 1.12E-03
 2.47E+00 2.59E+00 8.11E-04
 2.59E+00 2.73E+00 9.07E-04
 2.73E+00 2.87E+00 7.10E-04
 2.87E+00 3.01E+00 6.06E-04
 3.01E+00 3.17E+00 5.14E-04
 3.17E+00 3.33E+00 4.44E-04
 3.33E+00 3.68E+00 3.51E-04
 3.68E+00 4.07E+00 2.73E-04
 4.07E+00 4.49E+00 2.11E-04
 4.49E+00 4.72E+00 1.72E-04
 4.72E+00 4.97E+00 1.55E-04
 4.97E+00 5.23E+00 1.20E-04
 5.23E+00 5.49E+00 1.06E-04
 5.49E+00 5.77E+00 8.90E-05
 5.77E+00 6.07E+00 7.48E-05
 6.07E+00 6.38E+00 6.33E-05
 6.38E+00 6.59E+00 5.49E-05
 6.59E+00 6.70E+00 4.81E-05
 6.70E+00 7.05E+00 4.41E-05
 7.05E+00 7.41E+00 3.25E-05
 7.41E+00 7.79E+00 2.33E-05
 7.79E+00 8.19E+00 1.95E-05
 8.19E+00 8.61E+00 1.50E-05
 8.61E+00 9.05E+00 1.07E-05
 9.05E+00 9.51E+00 8.43E-06
 9.51E+00 1.00E+01 5.39E-06
 1.00E+01 1.05E+01 3.96E-06
 1.05E+01 1.11E+01 2.71E-06
 1.11E+01 1.16E+01 1.62E-06
 1.16E+01 1.22E+01 8.44E-07
 1.22E+01 1.25E+01 7.14E-07
 1.25E+01 1.28E+01 3.83E-07
 1.28E+01 1.35E+01 3.16E-07
 1.35E+01 1.38E+01 2.31E-07
 1.38E+01 1.42E+01 1.24E-07
 1.42E+01 1.46E+01 1.11E-07
 1.46E+01 1.49E+01 1.03E-07
 1.49E+01 1.57E+01 1.06E-07
 1.57E+01 1.65E+01 1.77E-08
 1.65E+01 1.69E+01 2.69E-08
 1.69E+01 1.73E+01 0.00E+00
 1.73E+01 1.96E+01 0.00E+00
